	 		X , U(i)
          0 2.85714e-05
 0.00390625 2.83482e-05
  0.0078125  2.8125e-05
  0.0117188 2.79018e-05
   0.015625 2.76786e-05
  0.0195312 2.74554e-05
  0.0234375 2.72321e-05
  0.0273438 2.70089e-05
    0.03125 2.67857e-05
  0.0351562 2.65625e-05
  0.0390625 2.63393e-05
  0.0429688 2.61161e-05
   0.046875 2.58929e-05
  0.0507812 2.56696e-05
  0.0546875 2.54464e-05
  0.0585938 2.52232e-05
     0.0625     2.5e-05
  0.0664062 2.47768e-05
  0.0703125 2.45536e-05
  0.0742188 2.43304e-05
   0.078125 2.41071e-05
  0.0820312 2.38839e-05
  0.0859375 2.36607e-05
  0.0898438 2.34375e-05
    0.09375 2.32143e-05
  0.0976562 2.29911e-05
   0.101562 2.27679e-05
   0.105469 2.25446e-05
   0.109375 2.23214e-05
   0.113281 2.20982e-05
   0.117188  2.1875e-05
   0.121094 2.16518e-05
      0.125 2.14286e-05
   0.128906 2.12054e-05
   0.132812 2.09821e-05
   0.136719 2.07589e-05
   0.140625 2.05357e-05
   0.144531 2.03125e-05
   0.148438 2.00893e-05
   0.152344 1.98661e-05
    0.15625 1.96429e-05
   0.160156 1.94196e-05
   0.164062 1.91964e-05
   0.167969 1.89732e-05
   0.171875   1.875e-05
   0.175781 1.85268e-05
   0.179688 1.83036e-05
   0.183594 1.80804e-05
     0.1875 1.78571e-05
   0.191406 1.76339e-05
   0.195312 1.74107e-05
   0.199219 1.71875e-05
   0.203125 1.69643e-05
   0.207031 1.67411e-05
   0.210938 1.65179e-05
   0.214844 1.62946e-05
    0.21875 1.60714e-05
   0.222656 1.58482e-05
   0.226562  1.5625e-05
   0.230469 1.54018e-05
   0.234375 1.51786e-05
   0.238281 1.49554e-05
   0.242188 1.47321e-05
   0.246094 1.45089e-05
       0.25 1.42857e-05
   0.253906 1.40625e-05
   0.257812 1.38393e-05
   0.261719 1.36161e-05
   0.265625 1.33929e-05
   0.269531 1.31696e-05
   0.273438 1.29464e-05
   0.277344 1.27232e-05
    0.28125    1.25e-05
   0.285156 1.22768e-05
   0.289062 1.20536e-05
   0.292969 1.18304e-05
   0.296875 1.16071e-05
   0.300781 1.13839e-05
   0.304688 1.11607e-05
   0.308594 1.09375e-05
     0.3125 1.07143e-05
   0.316406 1.04911e-05
   0.320312 1.02679e-05
   0.324219 1.00446e-05
   0.328125 9.82143e-06
   0.332031 9.59821e-06
   0.335938   9.375e-06
   0.339844 9.15179e-06
    0.34375 8.92857e-06
   0.347656 8.70536e-06
   0.351562 8.48214e-06
   0.355469 8.25893e-06
   0.359375 8.03571e-06
   0.363281  7.8125e-06
   0.367188 7.58929e-06
   0.371094 7.36607e-06
      0.375 7.14286e-06
   0.378906 6.91964e-06
   0.382812 6.69643e-06
   0.386719 6.47321e-06
   0.390625    6.25e-06
   0.394531 6.02679e-06
   0.398438 5.80357e-06
   0.402344 5.58036e-06
    0.40625 5.35714e-06
   0.410156 5.13393e-06
   0.414062 4.91071e-06
   0.417969  4.6875e-06
   0.421875 4.46429e-06
   0.425781 4.24107e-06
   0.429688 4.01786e-06
   0.433594 3.79464e-06
     0.4375 3.57143e-06
   0.441406 3.34821e-06
   0.445312   3.125e-06
   0.449219 2.90179e-06
   0.453125 2.67857e-06
   0.457031 2.45536e-06
   0.460938 2.23214e-06
   0.464844 2.00893e-06
    0.46875 1.78571e-06
   0.472656  1.5625e-06
   0.476562 1.33929e-06
   0.480469 1.11607e-06
   0.484375 8.92857e-07
   0.488281 6.69643e-07
   0.492188 4.46429e-07
   0.496094 2.23214e-07
        0.5           0